-51.73339 20.95108
-56.22819 30.78692
8.20768 -75.37257
-52.24130 -40.82791
-27.87041 53.54603
-26.43523 -60.62815
-56.51832 -39.10245
7.35503 -56.32985
4.96563 -71.23264
-78.50116 15.25715
-52.77286 -22.15960
41.26226 65.14612
47.18952 -32.98571
-23.30849 62.04615
12.58376 65.54173
28.48011 -68.07415
24.97016 54.67227
-17.71843 42.71718
-4.27971 59.43658
41.82860 -7.50468
-12.01733 45.96920
53.51686 -49.48756
-40.74781 -37.73334
-48.33258 -47.88174
-65.23912 7.51873
36.55363 -40.35715
-12.09440 -48.10293
-1.49195 -0.22952
-35.35170 18.02145
79.78330 21.82210
52.63505 40.71892
-13.47582 -51.32809
24.12847 40.94505
-60.57172 -34.07954
-107.20954 -15.27958
51.44097 10.44933
38.14044 50.79662
-47.81733 -25.37609
17.44915 63.97259
57.58525 -17.58964
-98.93899 -102.49778
9.34457 -47.38943
-45.90593 20.74443
51.52927 -38.52458
38.82946 11.08722
-20.56212 -38.67693
10.58313 44.36303
35.11872 35.95166
40.57922 41.87505
-23.61709 37.64000
30.28408 -28.62728
-38.58935 18.97191
56.57019 19.97470
12.58888 -37.84019
37.81519 3.05053
-18.82180 -42.77462
-35.34659 4.21660
36.01837 5.74130
58.10049 -3.25544
-1.55610 52.94461
11.07441 -46.84046
-11.42717 -58.13794
9.31967 -40.42533
44.79247 -5.98950
23.51344 -53.11564
-46.83758 -12.66765
-34.38113 5.94091
39.59878 9.65496
-14.84279 -44.99661
-28.69833 13.40930
10.45016 -50.74651
-37.84036 -10.40850
-40.56818 -17.22424
19.36784 45.90183
-39.36598 8.57871
-34.22166 29.15783
5.22039 35.51116
33.62657 -41.97782
25.25380 18.06003
17.18703 36.11405
32.25864 -25.77377
2.42954 34.17513
46.96207 -26.31673
-16.65665 -37.52195
-34.82784 -2.29165
-30.20461 0.04313
-3.61542 28.02823
18.22408 -16.60921
34.51448 -2.97095
29.23332 -1.70301
-13.29492 -31.92201
15.81774 -24.57064
17.38568 37.62714
30.12571 30.01148
19.62627 -18.59581
28.31380 7.73882
33.56732 -2.72598
-32.61307 21.41915
17.30394 -25.22440
36.64973 19.13600
23.50984 -20.04335
6.09100 -33.65635
32.30145 2.14760
57.23710 20.70008
-26.35392 13.72957
-31.99730 -7.24123
-8.31567 26.87474
17.20000 26.91077
-33.80237 -10.47830
34.95194 11.16967
8.07387 32.90006
25.21947 -20.89454
26.27360 -21.82723
-19.87840 -22.55994
21.78187 19.13411
18.05471 25.34955
-15.88193 -24.67605
-28.12573 -6.33337
8.43467 24.58848
33.04498 -10.33793
-27.51403 -12.44648
-22.68792 23.00351
-22.10884 -20.25855
-23.89774 7.71687
23.99922 12.31359
20.15783 -21.61810
-23.87676 -4.81556
-23.04077 7.08459
-21.49335 2.95424
22.90140 -12.02608
47.48050 -54.94818
-11.68505 19.96443
0.93105 47.19359
13.46289 -24.43201
35.95908 11.75552
6.90703 22.36057
-14.75865 -55.35312
24.94980 -10.41376
8.72272 -24.07819
20.46559 15.17867
-32.35109 16.18987
20.59832 20.77416
-20.05079 -14.63357
16.53420 25.66837
-10.54370 24.44866
28.05992 -0.55587
-28.70951 1.57746
-23.45450 8.51093
-10.15198 27.20850
-8.45832 15.37482
35.08871 -3.50822
19.87562 -17.25169
-14.89906 -20.89979
15.34104 -31.42626
19.36331 20.21351
-29.05303 11.14269
-22.29885 15.89494
15.06064 35.15304
10.76437 -39.30450
-15.81558 22.72532
11.94484 26.82739
-21.24732 -27.14034
-19.08292 22.40187
-25.48179 -14.69192
29.68109 2.87698
24.22292 -13.55549
28.61808 3.91021
3.38949 26.78312
-17.23562 -22.81999
17.32125 22.72496
-22.69529 -17.86543
-7.07543 -37.13950
28.46655 -23.71063
-20.62562 -25.45590
-28.30935 16.62173
-28.01433 -24.04099
-32.89265 -5.49845
10.35853 27.94051
-20.19585 -8.51580
-18.41881 12.95312
12.63751 17.26315
3.55957 -20.58103
23.78826 4.45753
-19.96435 -5.36231
15.40060 -18.53268
-16.36241 -10.62835
13.46700 10.50069
-13.40770 -11.77795
-8.71298 17.55974
-7.11300 18.90285
-13.94148 -0.56907
3.59144 20.41780
-17.84129 -5.50224
1.83304 24.16119
-19.64742 -0.03009
12.41840 11.10259
-10.87993 16.01650
1.94445 -14.95393
0.26955 16.63657
-19.18813 5.10900
-13.99658 5.13678
9.53296 -9.94847
13.59200 -3.57591
3.86104 11.07684
13.71503 0.18173
7.85085 -8.57116
11.97559 -4.53105
-10.40740 -7.57781
-10.60247 -2.37185
10.62619 3.13673
7.54286 9.81586
10.25410 -9.79298
-16.62426 -8.11458
-2.33315 -11.26193
-11.72831 2.54234
8.99565 12.17682
-8.49960 -6.51882
-9.19382 -8.54906
-0.10386 -12.88943
-17.03977 -11.61337
-7.81244 -10.42329
6.97281 -13.37596
11.03092 7.40824
-12.35185 -4.35221
-10.83367 3.03184
5.86087 8.94709
-6.57697 9.55675
-3.45129 -9.55650
5.54993 -7.83015
-9.61481 -9.61433
8.37951 7.38403
2.44623 -11.56451
-6.78274 9.71233
-6.87628 -7.69516
-9.10576 -2.53538
17.50261 -2.45200
-5.17506 -11.94482
8.95563 3.99618
-12.11333 -0.88946
-8.88636 -3.97381
-10.05371 1.20224
9.10886 -1.59110
9.48158 2.73817
3.85905 6.93474
-6.79620 -11.64862
9.46937 2.22096
8.26861 0.64442
6.60650 2.25380
8.63259 9.53113
7.85245 -1.44034
2.19999 6.30908
-5.70134 2.75024
-6.99063 -4.80791
6.39420 1.64378
-0.21429 -7.02835
-7.79285 5.37898
-6.08034 -2.82567
4.56410 -6.08478
2.06016 -5.91784
-6.15450 -2.92017
-0.38246 -11.16387
-4.70859 -4.70975
-5.54821 -3.30069
7.38677 -2.74284
-4.32745 -4.36452
2.43365 -5.51541
-5.48611 2.63741
-2.49781 -3.54515
-5.15271 1.77857
1.00462 3.90019
0.69115 -4.04849
-5.01561 -1.26636
2.69535 2.17794
-3.35040 -1.95169
1.74022 -3.59697
3.94879 0.86067
4.31670 -4.73554
2.58263 -5.81899
5.83596 0.01452
-5.17611 -5.54220
-2.41163 3.02637
-3.06595 -1.80540
-2.19398 -2.34533
-8.61046 -13.36702
-14.35309 8.65189
-16.38000 -1.86531
12.53532 -8.46758
5.03524 -15.20618
4.40034 -15.49158
11.05080 12.69086
-12.37700 -8.31049
20.91114 5.61319
-19.87952 -21.31594
3.75664 18.89479
3.96749 26.99536
26.79110 -10.19925
-5.74669 34.72486
39.55612 30.56016
34.17676 -23.34880
-32.44457 11.88962
-12.42558 -36.78498
34.98654 4.30438
-25.79125 21.62181
-18.88496 37.49011
60.60274 7.81167
37.43920 -23.38759
-43.81501 8.45617
-28.70655 -12.44699
39.63038 1.87443
44.95268 -18.01468
-25.00007 -27.97585
-37.30498 14.97887
-19.14331 19.54732
53.87176 33.91965
-29.18400 -31.32251
-37.93354 -4.75881
-55.62427 -48.45578
-14.96646 -52.53960
-40.85883 7.81083
27.81627 -34.63314
44.35110 14.02735
-44.94592 7.12327
33.27205 27.21949
-7.21803 42.20501
36.14027 10.23786
-58.65968 4.23668
13.36587 -49.82141
-13.31873 55.53032
-55.40078 -22.86476
-57.05137 27.61998
-28.93344 -43.02195
-54.01984 -13.85543
63.12789 -41.83735
-56.74984 -50.89707
-50.11977 34.87685
-42.71620 -42.11240
-4.38525 -55.71766
0.31522 -71.17176
73.89377 81.22982
-28.28719 29.38983
61.22134 36.28828
14.27349 -73.85662
49.00155 -39.21475
-34.90304 64.11456
46.25784 39.43013
-39.11816 -29.81742
-46.00115 30.74358
42.75829 54.71563
51.68645 -9.01113
-43.30198 -27.05370
58.27699 -13.36337
28.69542 -40.65565
63.46691 31.20262
-49.60840 9.48020
49.99392 -3.37050
-49.51615 -49.72824
36.92484 54.93857
-41.20329 -79.65525
-67.33602 -10.01892
-14.07099 -45.15106
32.70421 -38.97592
0.81880 -79.10768
33.65168 65.43651
-42.37400 -10.28319
-59.28353 -43.79545
-32.75206 26.03177
29.82086 39.44930
24.93675 -45.40112
29.44119 52.83537
-65.10064 -16.60497
-62.03347 7.36266
73.61853 12.45434
39.23239 -8.82144
-62.70413 19.49650
-4.23708 -57.71305
-49.55311 -8.44275
51.97532 2.25662
-22.22240 -69.08448
-17.03137 64.29945
49.00867 36.12598
51.61952 27.88365
-69.88023 6.61230
-67.49001 14.70101
22.04390 -56.55556
58.66734 37.26258
40.61822 -48.30884
-17.84438 -72.20887
-52.87975 6.02172
-47.33302 95.20016
-40.83886 42.95745
-54.38782 -16.82704
-66.57224 -27.05234
38.98267 26.34102
37.02241 11.40303
-6.45057 37.59901
36.49248 -9.40948
25.37577 -21.19092
-52.55345 -40.01741
-32.88971 35.31844
-16.12303 35.49138
-24.05936 -32.59172
-31.56508 -31.26897
33.33459 -29.82330
-20.30651 32.38091
-43.62349 -11.48251
29.09450 -31.46383
58.26957 6.55504
46.90846 42.98703
38.60760 -22.23846
-3.21043 166.41621
82.82697 -18.12942
60.90995 -12.74701
-1.91725 56.03051
-41.01132 28.81098
2.24307 -43.35090
33.58305 -53.57241
-24.23437 54.00318
-36.13665 -53.47406
-67.37295 -30.06317
7.25981 -97.34774
57.63471 -8.19374
-80.67426 3.32128
-125.11368 -107.81476
49.18727 -67.55477
99.58883 10.28079
18.69834 -50.93133
55.30728 101.39246
41.22088 55.97641
18.05361 -81.28775
68.46325 -14.19632
65.57043 17.67583
33.81545 -59.11589
10.53565 85.28773
31.53154 67.86882
-75.08993 29.79110
-87.65299 -31.10684
-79.75526 11.42421
-55.50808 37.65274
50.90683 27.26485
-33.09671 57.11176
-25.61655 79.26467
-81.56555 23.56143
43.50043 -58.60899
-16.79698 -87.46963
-88.85862 23.87994
38.09816 66.26480
54.93888 -69.32131
-48.61936 -49.77907
-54.07423 35.93842
-11.50952 -72.34061
-70.99766 -33.60727
-89.77725 7.08179
21.16112 67.71378
60.82105 -55.31623
-63.03850 40.16758
-76.97499 -21.90372
8.61976 83.79267
90.62473 6.59497
13.00525 74.34645
70.97662 2.91446
45.91506 59.69245
22.80595 -102.93775
-81.47340 42.79717
-57.89093 54.41906
-41.09764 -67.86953
46.21049 -47.76727
-43.12451 27.43139
27.82533 -55.61613
12.11779 46.94159
76.34783 -31.09719
51.39552 -12.73001
-28.49275 -39.18904
48.65673 35.45341
-33.82674 -29.30519
-89.28035 3.79658
31.38004 -44.63229
-34.49511 -31.21151
34.76548 32.42313
-26.97506 44.21633
35.30031 66.50532
74.33099 80.47568
8.00394 47.75917
-84.13940 -12.61753
-9.62252 -57.89199
1.72204 49.82955
-21.31292 54.54888
22.15178 -72.09999
18.27375 -57.11798
-21.20119 66.60537
36.34561 46.00067
-14.09718 -86.74318
-27.84391 -54.00509
-76.42571 49.36854
66.43621 -24.29308
-1.78538 51.91237
45.16236 -57.67997
-47.54246 -42.34701
16.36182 -63.07971
37.45866 -39.72403
-34.70563 -79.33685
-41.70434 -48.25765
2.49349 64.12071
-56.14371 31.24284
-39.82681 28.83798
63.23554 -20.26619
75.44176 52.87771
-42.98885 53.92535
22.20071 -49.41302
-60.60685 36.12256
49.26980 -48.38054
-71.66102 -28.47720
-69.62428 -44.63909
45.49764 48.77505
52.20321 26.12526
1.16456 -62.39181
22.70989 54.86554
-38.07728 43.97299
66.96896 8.32026
14.66511 -53.13137
30.78817 58.98591
-33.37451 45.34491
-72.14869 69.63676
-45.30971 -78.73901
-62.44084 15.37209
38.66455 -58.40684
-73.52768 -21.82016
10.48917 66.32341
100.75349 -21.19252
-48.92296 -12.26384
56.85280 -13.49657
-80.19529 -35.98709
74.36132 10.63209
-70.25861 8.64636
69.41245 -41.29668
34.58271 -57.42535
-53.95134 -39.93909
-65.06805 25.79213
4.15297 68.43502
-11.27410 -64.51119
77.26784 -20.02674
12.93342 -93.12185
-1.41800 86.21613
67.32624 -3.00236
-29.96592 -82.67564
45.10069 -50.95019
-29.66673 61.63824
-7.45412 -75.75136
-58.20142 29.73177
-66.93645 23.62634
-10.69346 65.57274
-76.02045 -25.88632
-39.09632 45.08418
-28.59937 75.17891
48.19599 -40.85296
-52.98126 -53.19944
-31.13670 -59.84772
-3.28263 -84.30503
-62.11477 -4.79279
-69.78482 -38.86210
-26.89834 66.68373
73.31343 16.81826
64.59932 32.21889
-6.83746 71.67297
8.22164 -66.65703
13.72169 -67.33619
-80.99542 22.09868
-11.69385 60.05929
52.39134 32.14193
12.70567 63.29503
-4.43143 67.52038
-67.53187 53.03472
-29.38624 46.95810
48.99151 46.54249
-24.18104 77.77274
-57.77731 17.14807
-29.33426 -45.08412
-54.24390 -8.65657
-2.80313 55.85846
-32.95649 43.09643
73.17301 30.10197
-12.64601 65.78338
51.06502 -54.50643
-11.21470 -55.35879
-11.10563 85.32932
66.45672 -20.44479
63.28737 -18.94218
74.77430 13.73162
0.78381 -62.66048
-62.77483 -44.18855
53.32002 33.40827
41.04128 41.93021
70.03381 28.62915
-59.50344 -19.58925
61.99604 13.66083
-42.59383 -80.61082
-43.34921 -82.06090
-25.37690 32.83937
54.63086 -7.06452
34.31239 -89.64239
37.01172 66.07473
-16.68455 63.73647
-73.61782 21.29296
-57.57735 -42.77134
-83.17941 26.88066
-31.43646 53.22571
-74.17281 37.78266
-75.70880 -46.87332
-41.99260 -70.48883
-55.68829 -35.95757
-60.87463 49.59158
62.55281 5.59872
-85.41774 -2.61539
-62.86242 -4.55234
-120.34905 3.38721
2.73230 80.64669
-64.71804 35.21605
16.73112 68.24840
-37.83011 -60.51985
-91.58618 -17.53141
31.50869 67.11330
17.63927 -69.59692
50.58093 40.63917
-70.54019 30.05841
51.99229 88.73611
-37.61507 64.95250
-40.21480 -71.03961
-73.84203 -18.32699
84.83493 8.54462
78.92603 -29.67403
74.44726 61.93398
-58.64153 -62.54724
70.20683 35.59848
51.32033 -73.62494
21.88246 69.60095
-5.19222 -69.93239
49.91465 -47.27869
-17.90347 -68.56493
-41.87896 -38.83088
-9.76609 56.13518
