100
100
99
99
99
99
100
99
101
128
101
100
98
99
100
101
99
101
100
100
100
99
98
100
100
100
100
66
98
99
100
101
100
100
99
100
100
98
101
100
99
100
101
101
101
99
98
101
101
98
99
100
100
99
99
99
99
99
100
99
100
100
99
101
100
98
99
101
100
99
100
98
101
100
100
99
100
88
102
100
100
101
100
100
99
99
99
99
101
100
100
102
137
99
101
100
100
101
100
100
101
100
99
100
97
100
102
101
99
98
102
100
99
101
100
100
100
98
101
100
99
99
100
97
100
100
100
100
100
100
100
101
100
100
100
101
100
101
99
99
99
101
102
100
100
102
100
99
100
100
100
100
100
99
102
100
100
100
100
101
100
101
99
97
101
101
100
102
100
100
101
100
99
98
102
101
101
103
101
100
100
102
100
99
98
98
99
99
100
99
95
98
99
99
100
99
100
101
102
97
100
99
101
101
99
100
99
99
98
101
100
100
99
102
98
100
99
102
99
98
98
97
97
102
98
102
103
98
100
98
100
101
100
97
100
102
97
101
100
102
100
97
101
102
99
99
102
100
100
102
97
97
97
105
99
100
98
97
98
102
99
96
97
102
99
101
100
94
98
102
99
99
97
97
98
99
101
97
102
99
98
99
95
99
100
99
100
98
99
100
100
100
98
101
100
100
100
101
99
100
100
101
100
100
100
100
99
99
100
99
100
100
99
100
99
100
99
100
100
99
100
97
100
100
100
100
99
100
100
100
100
100
100
99
100
100
99
101
98
101
100
99
99
100
100
99
99
99
100
100
102
100
103
100
98
98
101
100
99
99
99
99
99
100
99
99
100
99
99
99
99
99
100
100
100
100
99
99
99
102
101
99
98
99
99
100
99
99
99
103
100
98
100
100
100
100
100
100
99
99
99
98
100
98
100
101
101
100
100
101
100
99
100
99
99
100
100
100
99
98
99
100
99
100
99
100
100
99
100
99
100
99
99
100
100
99
100
100
98
99
99
100
100
100
100
99
101
100
100
100
99
100
100
99
99
99
100
99
100
100
101
98
99
100
99
99
101
99
100
100
99
99
99
101
100
98
98
100
100
100
99
100
99
99
99
100
100
100
100
99
99
99
99
101
100
100
99
101
99
99
100
100
99
99
98
99
99
100
101
100
100
100
98
100
101
100
99
100
102
100
101
100
100
99
99
99
98
100
98
101
99
100
98
99
99
103
106
100
101
95
93
99
100
98
100
100
99
98
98
100
99
100
99
99
100
98
98
99
99
100
100
101
100
99
101
101
98
99
99
100
100
100
100
100
99
99
99
99
99
100
100
100
100
100
101
100
99
101
98
98
100
100
100
99
100
99
100
101
100
101
99
100
99
99
99
99
100
100
100
99
99
98
98
98
100
99
100
99
100
100
98
100
99
99
100
100
99
101
100
100
99
100
99
99
100
101
98
100
101
